results/Gagne_2018_BANYAN_XII_TIC_crossmatched_10arcsec_maxsep.csv
# %ECSV 0.9
# ---
# datatype:
# - {name: Set, datatype: string, description: Subset (1)}
# - {name: Name, datatype: string, description: Star Name}
# - {name: Assoc, datatype: string, description: Association short name (2)}
# - {name: SpT, datatype: string, description: Spectral Type (3)}
# - {name: RAh, unit: h, datatype: int64, description: Hour of Right Ascension (J2000)}
# - {name: RAm, unit: min, datatype: int64, description: Minute of Right Ascension (J2000)}
# - {name: RAs, unit: s, datatype: float64, description: Second of Right Ascension (J2000)}
# - {name: DE-, datatype: string, description: Sign of Declination (J2000)}
# - {name: DEd, unit: deg, datatype: int64, description: Degree of Declination (J2000)}
# - {name: DEm, unit: arcmin, datatype: int64, description: Arcminute of Declination (J2000)}
# - {name: DEs, unit: arcsec, datatype: float64, description: Arcsecond of Declination (J2000)}
# - {name: pmRA, unit: mas / yr, datatype: float64, description: 'Proper motion in RA; {mu}_{alpha}\cos{delta}'}
# - {name: e_pmRA, unit: mas / yr, datatype: float64, description: Uncertainty in pmRA}
# - {name: pmDE, unit: mas / yr, datatype: float64, description: 'Proper motion in DE; {mu}_{delta}'}
# - {name: e_pmDE, unit: mas / yr, datatype: float64, description: Uncertainty in pmDE}
# - {name: Dist, unit: pc, datatype: float64, description: Distance}
# - {name: e_Dist, unit: pc, datatype: float64, description: Uncertainty in Dist}
# - {name: RVel, unit: km / s, datatype: float64, description: Radial Velocity}
# - {name: e_RVel, unit: km / s, datatype: float64, description: Uncertainty in RVel}
# - {name: HR1, datatype: float64, description: HR1 hardness ratio}
# - {name: NUVmag, unit: mag, datatype: float64, description: NUVMag}
# - {name: e_NUVmag, unit: mag, datatype: float64, description: Uncertainty in NUVmag}
# - {name: Gmag, unit: mag, datatype: float64, description: Gaia DR1 G-band magnitude}
# - {name: e_Gmag, unit: mag, datatype: float64, description: Uncertainty in Gmag}
# - {name: Jmag, unit: mag, datatype: float64, description: 2MASS J-band magnitude}
# - {name: e_Jmag, unit: mag, datatype: float64, description: Uncertainty in Jmag}
# - {name: IRex, datatype: float64, description: 'IR Excess in N{sigma}'}
# - {name: Known, datatype: string, description: Known Group}
# - {name: Youth, datatype: string, description: Signs of Youth (4)}
# - {name: Ref, datatype: string, description: References (5)}
# - {name: Bin, datatype: string, description: Binary flag (6)}
# - {name: dstArcSec, datatype: float64}
# - {name: Tmag, datatype: float64}
# - {name: GAIA, datatype: object}
# - {name: Teff, datatype: object}
# - {name: MatchID, datatype: int64}
# - {name: MatchRA, datatype: float64}
# - {name: MatchDEC, datatype: float64}
# - {name: ra, datatype: float64}
# - {name: dec, datatype: float64}
# schema: astropy-2.0
Set Name Assoc SpT RAh RAm RAs DE- DEd DEm DEs pmRA e_pmRA pmDE e_pmDE Dist e_Dist RVel e_RVel HR1 NUVmag e_NUVmag Gmag e_Gmag Jmag e_Jmag IRex Known Youth Ref Bin dstArcSec Tmag GAIA Teff MatchID MatchRA MatchDEC ra dec
[from data line 635]
KCM "HD 144277" UCL A1V 16 6 33.194 - 39 15 34.6 -14.8 0.33 -24.49 0.34 137.5 6.8 "" "" "" "" "" 7.881 0.002 7.66 0.01 2.6 UCL E 29;-;-;54 "" 0.578845548373 7.802 5997064931348921728 8640 70032020 241.638403 -39.259468 241.638308333 -39.2596111111
KCM "HD 144295" UCL F3V 16 6 37.709 - 39 8 42.87 -17.42 0.68 -28.66 0.38 135.9 4.8 "" "" "" "" "" 8.892 0.002 8.19 0.01 1.0 UCL "" 29;-;-;54 "" 0.545012128487 8.599 5997089773439760256 6921 70032535 241.657193 -39.145101 241.657120833 -39.1452416667
KCM "HD 144691" UCL A9V 16 8 31.334 - 35 9 50.17 -17.79 0.47 -31.24 0.37 130.8 5.2 "" "" "" "" "" 8.262 0.002 7.8 0.02 3.2 UCL E -;-;-;54 "" 0.524159028135 8.072 6034863564137378688 8094 94731904 242.130659 -35.163816 242.130558333 -35.1639361111
KCM "HD 144825" UCL F5V 16 9 17.076 - 36 9 26.42 -14.92 0.99 -25.93 0.4 124.8 4.7 "" "" "" "" "" 9.803 0.002 9.01 0.02 1.7 UCL E 142;-;-;142 "" 0.365417890631 9.469 5998719902507690880 6359 382643945 242.321217 -36.157253 242.32115 -36.1573388889
KCM "HD 144795" UCL A6/7V 16 9 44.542 - 47 21 46.33 -14.7 1.2 -21.7 0.4 175.5 9.4 "" "" "" "" "" 9.569 0.002 8.45 0.02 0.5 UCL "" 8;-;-;54 "" 0.464698374291 9.094 5984075747654924416 8884 163141448 242.43563 -47.362743 242.435591667 -47.3628694444
KCM "TYC 7342-10-1" UCL (G7) 16 10 12.403 - 37 8 18.4 -11.9 1.1 -17.58 0.27 184.9 9.4 "" "" "" "" "" 10.722 0.001 9.52 0.02 1.1 UCL "" 29;-;-;54 "" 0.374344993229 10.209 5998478319190509312 6479 382870216 242.551757 -37.138361 242.551679167 -37.1384444444
KCM "HD 145211" UCL F3V 16 11 14.983 - 37 27 40.61 -18.52 0.11 -30.71 0.09 135.8 5.5 "" "" 0.21 "" "" 8.826 0.001 7.94 0.02 1.5 UCL X;E 29;-;-;54 "" 0.631505350156 8.452 5998388571553896064 6260.82 462077825 242.812521 -37.461121 242.812429167 -37.4612805556
KCM 2M1613-4548 UCL F3V 16 13 11.926 - 45 48 41.64 -20.74 0.06 -33.63 0.04 102.6 7.6 "" "" 0.06 "" "" 8.382 0.002 7.55 0.02 2.4 UCL X;E 29;-;-;54 "" 0.609891355535 8.029 5990244832521632000 5937 164707310 243.299841 -45.811433 243.299691667 -45.8115666667
KCM "HD 325434" UCL G 16 13 52.135 - 40 17 39.97 -14.5 1.1 -22.2 1.4 188.0 21.0 "" "" "" "" "" 10.18 0.001 9.02 0.03 2.6 UCL E 29;-;-;143 "" 0.471704226005 9.687 5994099273614715776 6422 317906231 243.46734 -40.294336 243.467229167 -40.2944361111
KCM "HD 145720" UCL F3/5V 16 13 57.67 - 39 11 15.64 -16.88 0.87 -25.59 0.74 143.9 8.5 "" "" "" "" "" 9.259 0.004 8.41 0.02 2.1 UCL E 29;-;-;54 "" 0.544381413038 8.899 5997220821483505536 6416 317911133 243.490396 -39.18755 243.490291667 -39.1876777778
KCM "HD 146681" UCL A7II/III 16 19 14.801 - 40 49 15.4 -12.99 0.6 -21.48 0.56 176.0 11.0 "" "" "" "" "" 8.854 0.008 7.98 0.01 2.3 UCL E;Lm -;-;-;54 "" 0.392788618424 8.484 5993836765213436160 7275 3243257 244.811733 -40.820846 244.811670833 -40.8209444444
KCM "HD 328171" UCL G0 16 26 0.091 - 45 57 13.29 -13.4 1.4 -22.26 0.78 176.7 8.4 "" "" "" "" "" 10.164 0.002 9.01 0.02 2.5 UCL E 29;-;-;54 "" 0.362421881373 9.672 5942389104319497600 6456 224004929 246.500445 -45.953602 246.500379167 -45.9536916667
KCM "HD 147875" UCL A8V 16 26 9.866 - 41 13 34.19 -12.78 0.72 -23.02 0.63 165.7 7.6 "" "" "" "" "" 9.186 0.0 8.32 0.01 2.1 UCL E 14;-;-;54 "" 0.475346471721 8.821 5993062365428748928 7091 351521484 246.541252 -41.226088 246.541108333 -41.2261638889
KCM "HD 148248" UCL A0 16 28 35.952 - 41 55 20.91 -7.2 1.9 -19.6 1.4 243.0 13.0 "" "" "" "" "" 10.24 0.001 8.84 0.02 1.7 UCL E 8;-;-;54 "" 0.196593372404 9.645 5992785975693845632 8132 28619282 247.149835 -41.922427 247.1498 -41.922475
KCM "HD 321803" UCL G5 16 34 11.63 - 39 37 36.16 -9.3 6.8 -22.8 5.1 158.3 5.8 "" "" "" "" "" 10.442 0.002 9.27 0.02 2.0 UCL E -;-;-;142 "" 0.397370194849 9.943 6017449086653859456 6384 291866634 248.548524 -39.626613 248.548458333 -39.6267111111
KCM "HD 149336" UCL F5V 16 35 34.802 - 37 6 36.68 -12.0 1.4 -23.2 1.1 162.0 6.5 "" "" "" "" "" 9.399 0.001 8.49 0.01 0.7 UCL "" 8;-;-;54 "" 0.259646934617 9.012 6020187282923881344 6623 292925229 248.895025 -37.110118 248.895008333 -37.1101888889
KCM "HD 149439" UCL A3V 16 36 15.542 - 34 12 0.15 -9.12 0.45 -25.35 0.48 143.2 6.1 "" "" "" "" "" 7.959 0.002 7.62 0.01 0.6 UCL "" 29;-;-;54 "" 0.372776035279 7.827 6021126059695552128 8531 280828479 249.064823 -34.199953 249.064758333 -34.2000416667
KCM "HD 149514" UCL F2V 16 36 41.578 - 33 14 37.48 -10.0 0.57 -27.78 0.67 129.0 8.0 "" "" "" "" "" 8.613 0.003 7.88 0.01 1.2 UCL "" 19;-;-;54 "" 0.432164826306 8.302 6024197064391410688 6435 280822724 249.173285 -33.24363 249.173241667 -33.2437444444
KCM "HD 149533" UCL B9V 16 37 2.628 - 38 40 34.71 -12.53 0.04 -20.98 0.03 159.0 10.0 "" "" "" "" "" 7.372 0.001 7.27 0.01 0.0 UCL "" 19;-;-;54 "" 0.365970776412 7.346 6017609546635727232 8837 83245109 249.261036 -38.676232 249.26095 -38.6763083333
KCM "HD 149638" UCL F5V 16 37 43.176 - 39 42 31.37 -11.1 2.0 -20.6 1.6 175.1 6.6 "" "" "" "" "" 10.097 0.001 8.86 0.01 1.8 UCL E 144;-;-;54 "" 0.391910729568 9.571 5969371325821618816 6511 83576016 249.429967 -39.708618 249.4299 -39.7087138889
KCM "HD 149738" UCL A0V 16 38 26.94 - 39 39 6.83 -12.08 0.4 -20.16 0.45 164.9 8.8 "" "" "" "" "" 7.955 0.001 7.68 0.02 0.2 UCL "" 19;-;-;54 "" 0.369533462534 7.852 5969373937161734272 8368 83820161 249.612364 -39.651844 249.61225 -39.6518972222
KCM "HD 149726" UCL F0V 16 38 31.21 - 41 38 7.37 -13.67 0.12 -21.19 0.12 160.3 7.2 "" "" "" "" "" 9.302 0.001 8.49 0.01 0.2 UCL "" 14;-;-;54 "" 0.499543289539 8.957 5968643792721787904 7436 83687552 249.630171 -41.635281 249.630041667 -41.6353805556
KCM "HD 149948" UCL G1/3 16 39 37.272 - 40 3 22.11 -9.0 1.8 -25.9 1.4 173.6 7.6 "" "" 1.0 "" "" 9.852 0.003 8.62 0.01 1.7 UCL X;E 19;-;-;54 "" 0.404508789173 9.326 5969306420278831744 6216 84395122 249.905342 -40.056034 249.9053 -40.0561416667
KCM "HD 150092" UCL G0 16 40 52.27 - 40 25 59.86 -13.0 1.1 -22.3 2.9 161.0 23.0 "" "" "" "" "" 10.169 0.001 9.1 0.01 2.4 UCL E 19;-;-;54 "" 0.388981165652 9.713 5969095210972046592 6738 85008333 250.217853 -40.433197 250.217791667 -40.4332944444
KCM "HD 150989" UCL F0V 16 46 13.19 - 39 44 44.95 -11.99 0.76 -22.91 0.71 169.1 8.5 "" "" "" "" "" 8.68 0.002 8.18 0.02 0.0 UCL "" 19;-;-;54 "" 0.330305545181 8.475 5970672288599120768 8738 78981730 251.555005 -39.745735 251.554958333 -39.7458194444
KCM "HD 326253" UCL G5 16 49 18.403 - 43 25 19.14 -12.1 2.1 -27.4 1.8 134.0 4.9 "" "" "" "" "" 10.378 0.001 9.43 0.02 0.1 UCL "" 19;-;-;145 "" 0.387529408181 9.974 5967459068950436992 5644 245934292 252.326748 -43.421888 252.326679167 -43.4219833333
KCM "HD 152369" UCL A9V 16 54 34.075 - 38 6 20.64 -11.8 0.51 -23.35 0.51 160.0 24.0 "" "" "" "" "" 8.71 0.001 8.26 0.03 1.8 UCL E 19;-;-;54 "" 0.414762106353 8.528 5971248260889725824 7983 339879584 253.642029 -38.105625 253.641979167 -38.1057333333
KCM "CD-25 11037" USCO (G3) 15 41 33.538 - 26 3 57.18 -18.63 0.87 -22.61 0.51 138.3 4.7 "" "" "" "" "" 10.058 0.002 9.11 0.02 2.0 USCO E 19;-;-;54 "" 0.399801899307 9.654 6235031614473128320 6629 23011092 235.389812 -26.065792 235.389741667 -26.0658833333
KCM "HD 141147" USCO G6V 15 48 21.29 - 24 43 49.63 -12.7 1.4 -21.02 0.69 144.4 5.3 "" "" "" "" "" 9.753 0.001 8.46 0.02 1.4 USCO "" 19;-;-;54 "" 0.27750512635 9.202 6236694969407651840 5464 23569756 237.088756 -24.730389 237.088708333 -24.7304527778
KCM "HD 141575" USCO A2V 15 50 30.552 - 20 50 53.62 -14.35 0.51 -23.38 0.39 134.9 4.6 "" "" "" "" "" 8.096 0.001 7.5 0.03 0.6 USCO "" 8;-;-;54 "" 0.504157334752 7.846 6240862118476776064 8644 437392332 237.627374 -20.848106 237.6273 -20.8482277778
KCM "HD 141662" USCO G3V 15 50 58.846 - 22 22 22.66 -19.41 0.66 -27.3 0.33 115.3 3.4 "" "" "" "" "" 9.792 0.002 8.65 0.01 1.2 USCO "" 19;-;-;54 "" 0.492233241726 9.304 6240419393248430208 5906 437415724 237.745256 -22.372838 237.745191667 -22.3729611111
KCM "HD 141960" USCO A9V 15 52 56.532 - 29 50 34.53 -16.42 0.47 -24.13 0.42 133.6 9.1 "" "" "" "" "" 8.459 0.002 7.95 0.02 2.8 USCO E 8;-;-;54 "" 0.357078049571 8.247 6040704822735613312 8071 24001971 238.235616 -29.842844 238.23555 -29.842925
KCM "HD 142933" USCO F5/6V 15 58 12.432 - 24 20 38.91 -11.3 1.1 -24.22 0.37 155.0 11.0 "" "" "" "" "" 9.903 0.002 8.93 0.01 1.5 USCO E 19;-;-;54 "" 0.449878919777 9.487 6236202869234762624 6243 77675160 239.551843 -24.344023 239.5518 -24.3441416667
KCM "HD 142988" USCO A3III 15 58 30.377 - 20 53 36.33 -12.64 0.25 -23.5 0.28 138.7 7.0 "" "" "" "" "" 7.213 0.0 6.68 0.01 1.0 USCO Lm 14;-;-;54 "" 0.381566858033 6.994 6246665718805322880 7720 12628957 239.626629 -20.893334 239.626570833 -20.893425
KCM "HD 143318" USCO F5V 16 0 42.643 - 26 23 29.96 -13.0 0.79 -17.13 0.54 156.3 6.9 "" "" "" "" "" 9.1 0.002 8.1 0.02 "" USCO "" 19;-;-;54 "" 0.452600012284 8.674 6043227995763992832 6450 66863805 240.177715 -26.391534 240.177679167 -26.3916555556
KCM "TYC 6212-946-1" USCO G2 16 2 3.744 - 21 22 46.86 -9.6 1.7 -18.2 0.28 139.5 8.7 "" "" "" "" "" 10.797 0.001 9.58 0.02 "" USCO "" 19;-;-;44 "" 0.386632594451 10.279 6243595676183528448 6068 9675667 240.515604 -21.379576 240.5156 -21.3796833333
KCM "HD 144113" USCO A3IV/V 16 4 55.447 - 20 54 0.37 -10.54 0.44 -24.03 0.35 144.6 7.0 "" "" "" "" "" 8.039 0.001 7.41 0.01 3.2 USCO E;Lm 26;-;-;146 "" 0.361409600604 7.777 6243989301345820544 7741 9915565 241.231085 -20.900017 241.231029167 -20.9001027778
KCM "HD 144273" USCO B9V 16 5 44.832 - 19 40 52.13 -10.1 0.3 -22.12 0.31 165.0 12.0 "" "" "" "" "" 7.514 0.001 7.21 0.01 0.7 USCO "" -;-;-;77 "" 0.412656830547 7.395 6247236056104982912 None 48667553 241.436819 -19.681034 241.4368 -19.6811472222
KCM 2M1608-1904 USCO K3IVe 16 8 10.807 - 19 4 48.29 -8.7 1.1 -23.91 0.97 133.8 6.0 "" "" 0.99 "" "" 11.145 0.004 9.24 0.03 2.8 USCO X;Li;E;Lm 11;-;-;147 "" 0.348350757426 10.345 6248761147450774912 4382 48870862 242.045077 -19.079995 242.045029167 -19.0800805556
KCM "TYC 6213-1122-1" USCO K3IV 16 10 12.634 - 21 4 44.86 -9.1 1.7 -23.57 0.9 154.2 8.3 "" "" 0.47 "" "" 11.184 0.005 9.34 0.02 8.2 USCO X;Li;E;Lm 52;-;52;52 "" 0.250860314707 10.405 6243839046209540864 4374 49042435 242.552695 -21.079079 242.552641667 -21.0791277778
KCM "TYC 6784-241-1" USCO (G6) 16 11 6.902 - 26 9 23.89 -11.51 0.85 -19.35 0.51 165.1 6.3 "" "" "" "" "" 9.954 0.0 8.79 0.01 1.1 USCO "" 11;-;-;148 "" 0.388000956634 9.458 6043425667336444800 6537 286073544 242.778832 -26.156551 242.778758333 -26.1566361111
KCM "HD 145333" USCO F0V 16 11 15.95 - 23 12 14.95 -10.93 0.75 -23.23 0.63 155.8 6.9 "" "" "" "" "" 8.865 0.001 8.04 0.01 1.9 USCO E 52;-;52;52 "" 0.424830600099 8.516 6242196066599449472 7304 49171686 242.816513 -23.204046 242.816458333 -23.2041527778
KCM "TYC 6213-85-1" USCO K3IV(e) 16 12 46.805 - 22 13 32.1 -7.5 1.5 -24.46 0.82 135.8 4.7 "" "" "" "" "" 10.66 0.004 8.88 0.02 2.8 USCO Li;E;Lm 11;-;-;114 "" 0.436941694674 9.909 6242688579091617024 4080 49285665 243.195093 -22.225482 243.195020833 -22.2255833333
KCM "HD 145719" USCO A6IV 16 13 27.996 - 27 24 13.9 -9.61 0.39 -26.93 0.4 149.0 10.0 "" "" "" "" "" 8.36 0.001 7.72 0.02 1.3 USCO Lm 52;-;52;52 "" 0.701161590175 8.093 6042277948994618240 6691 68405083 243.36682 -27.403738 243.36665 -27.4038611111
KCM "HD 145778" USCO F3V 16 13 47.801 - 27 47 34.25 -10.61 0.94 -20.88 0.53 152.8 7.1 "" "" "" "" "" 9.133 0.001 8.3 0.01 2.8 USCO E 52;-;52;52 "" 0.257858287676 8.779 6042203388366205056 6499 68499562 243.449221 -27.792791 243.449170833 -27.7928472222
KCM "HD 145942" USCO A2IV 16 14 20.496 - 22 8 10.09 -8.76 0.32 -25.42 0.34 136.2 5.7 "" "" "" "" "" 7.661 0.001 7.05 0.02 1.5 USCO E;Lm 52;-;52;52 "" 0.323759000353 7.407 6242770836302870784 7896 49436744 243.585455 -22.136062 243.5854 -22.1361361111
KCM "HD 146055" USCO B9V 16 15 8.069 - 24 35 18.81 -9.86 0.4 -22.28 0.44 147.7 9.4 "" "" "" "" "" 8.294 0.002 7.4 0.01 2.8 USCO E 133;-;-;68 "" 0.328303349701 7.916 6049686973740646400 8021 68638823 243.783659 -24.588474 243.783620833 -24.5885583333
KCM "HD 146330" USCO A5IV 16 16 44.242 - 25 13 45.61 -11.55 0.56 -21.4 0.51 143.8 6.2 "" "" "" "" "" 8.738 0.001 7.93 0.03 1.6 USCO E;Lm 52;-;52;54 "" 0.445651031254 8.397 6048851310543791872 8177 98093641 244.184402 -25.229225 244.184341667 -25.2293361111
KCM 2M1616-2433 USCO F8e 16 16 51.288 - 24 33 28.12 -13.5 0.99 -21.79 0.63 149.4 6.4 "" "" "" "" "" 9.741 0.002 8.18 0.01 1.3 USCO "" 8;-;-;64 "" 0.357232037007 9.078 6049660894697232128 5966 98231835 244.213748 -24.557722 244.2137 -24.5578111111
KCM "HD 146367" USCO A9V 16 16 53.371 - 23 6 38.07 -7.68 0.09 -23.64 0.05 157.0 6.4 "" "" "" "" "" 8.509 0.001 7.64 0.02 1.8 USCO E 52;-;52;52 "" 0.481909189195 8.139 6050372622321491968 6795 49692855 244.222434 -23.110451 244.222379167 -23.110575
KCM "HD 146366" USCO F6/8V 16 16 54.557 - 21 37 15.86 -10.6 1.3 -24.0 0.91 131.1 8.3 "" "" "" "" "" 9.907 0.003 8.79 0.02 1.1 USCO "" 11;-;-;54 "" 0.397283311572 9.431 6242814507531565696 6276 49695751 244.227377 -21.620975 244.227320833 -21.6210722222
KCM "HD 146457" USCO A5III/IV 16 17 14.645 - 22 55 20.24 -9.85 0.45 -20.48 0.43 139.2 5.8 "" "" "" "" "" 8.372 0.002 7.71 0.01 1.4 USCO Lm 52;-;52;52 "" 0.375778015283 8.095 6050516967581808768 8026 49744629 244.311063 -22.922192 244.311020833 -22.9222888889
KCM "HD 146494" USCO A7III 16 17 26.904 - 23 20 30.86 -8.02 0.72 -23.64 0.61 155.8 7.2 "" "" "" "" "" 8.928 0.001 8.14 0.03 1.4 USCO Lm 8;-;-;54 "" 0.381640679 8.595 6050354171138679680 7848 49745319 244.36215 -23.34181 244.3621 -23.3419055556
KCM "CD-24 12659" USCO (K2) 16 17 54.806 - 24 43 34.0 -9.77 0.8 -26.56 0.5 146.2 5.0 "" "" "" "" "" 9.803 0.001 8.31 0.03 1.6 USCO E 52;-;52;52 "" 0.39594978038 9.17 6049646051290258560 6298 98377644 244.478421 -24.726017 244.478358333 -24.7261111111
KCM 2M1618-2005 USCO K1.5e 16 18 19.963 - 20 5 35.2 -11.8 1.8 -24.14 0.8 132.6 9.1 "" "" "" "" "" 9.996 0.002 8.54 0.02 2.0 USCO E 52;-;52;52 "" 0.40734203995 9.379 6244745799704678400 5219 49816769 244.583221 -20.093005 244.583179167 -20.0931111111
KCM "HD 147011" USCO F3/5V 16 20 7.824 - 22 31 8.54 -10.4 1.7 -22.6 1.3 162.0 15.0 "" "" "" "" "" 9.97 0.003 8.92 0.01 1.9 USCO E 52;-;52;52 "" 0.487268653255 9.523 6050509099198621440 6344 49973852 245.032651 -22.518912 245.0326 -22.5190388889
KCM "HD 147013" USCO A0V 16 20 15.024 - 25 38 44.67 -10.47 0.71 -20.96 0.49 154.1 5.7 "" "" "" "" "" 8.909 0.001 7.94 0.01 2.4 USCO E 52;-;52;52 "" 0.393201341989 8.495 6048580280925556608 7666 420920107 245.0627 -25.64568 245.0626 -25.6457416667
KCM "HD 146974" USCO F8V 16 20 15.497 - 28 43 1.24 -14.79 0.08 -24.34 0.05 139.8 5.8 "" "" 0.49 "" "" 8.928 0.001 8.07 0.02 2.0 USCO X;E 52;-;52;52 "" 0.513478228527 8.563 6038982712649000448 6337 420925200 245.064682 -28.716907 245.064570833 -28.7170111111
KCM "HD 147255" USCO F6V 16 21 47.918 - 25 56 47.51 -6.65 0.85 -23.91 0.58 128.2 4.7 "" "" "" "" "" 9.147 0.003 8.29 0.01 1.3 USCO "" 52;-;-;54 "" 0.29933419341 8.784 6048533517321650304 6953 391989028 245.449709 -25.946461 245.449658333 -25.9465305556
KCM "HD 147283" USCO A1IV 16 21 57.672 - 24 29 43.89 -14.31 0.86 -25.07 0.56 137.7 4.7 "" "" "" "" "" 9.807 0.002 8.12 0.01 1.8 USCO E;Lm 52;-;52;52 "" 0.560278884779 9.095 6049286682786867968 8077 391986886 245.49037 -24.495383 245.4903 -24.495525
KCM "HD 147342" USCO A5IV/V 16 22 10.039 - 21 39 17.68 -9.76 0.49 -21.81 0.53 138.4 7.0 "" "" "" "" "" 8.514 0.002 7.83 0.02 3.4 USCO E;Lm 52;10;10;52 "" 0.357850399673 8.225 6052114798494503808 8513 50173936 245.541852 -21.654814 245.541829167 -21.6549111111
KCM "CD-26 11326" USCO (G7) 16 24 29.388 - 26 55 38.22 -7.92 0.81 -19.76 0.52 160.5 5.9 "" "" "" "" "" 9.998 0.001 8.77 0.02 2.0 USCO E 52;-;52;52 "" 0.483218617837 9.474 6045393586993690112 6682 392389157 246.122486 -26.927153 246.12245 -26.9272833333
KCM "HD 147911" USCO A0V 16 25 24.103 - 21 41 19.06 -5.61 0.13 -22.95 0.09 135.2 4.7 "" "" "" "" "" 8.991 0.001 8.0 0.03 3.0 USCO E 52;-;52;52 "" 0.24040064659 8.569 6052146924847784064 7669 203817942 246.350429 -21.688561 246.350429167 -21.6886277778
