results/Gagne_2018_BANYAN_XII_TIC_crossmatched_10arcsec_maxsep.csv
# %ECSV 0.9
# ---
# datatype:
# - {name: Set, datatype: string, description: Subset (1)}
# - {name: Name, datatype: string, description: Star Name}
# - {name: Assoc, datatype: string, description: Association short name (2)}
# - {name: SpT, datatype: string, description: Spectral Type (3)}
# - {name: RAh, unit: h, datatype: int64, description: Hour of Right Ascension (J2000)}
# - {name: RAm, unit: min, datatype: int64, description: Minute of Right Ascension (J2000)}
# - {name: RAs, unit: s, datatype: float64, description: Second of Right Ascension (J2000)}
# - {name: DE-, datatype: string, description: Sign of Declination (J2000)}
# - {name: DEd, unit: deg, datatype: int64, description: Degree of Declination (J2000)}
# - {name: DEm, unit: arcmin, datatype: int64, description: Arcminute of Declination (J2000)}
# - {name: DEs, unit: arcsec, datatype: float64, description: Arcsecond of Declination (J2000)}
# - {name: pmRA, unit: mas / yr, datatype: float64, description: 'Proper motion in RA; {mu}_{alpha}\cos{delta}'}
# - {name: e_pmRA, unit: mas / yr, datatype: float64, description: Uncertainty in pmRA}
# - {name: pmDE, unit: mas / yr, datatype: float64, description: 'Proper motion in DE; {mu}_{delta}'}
# - {name: e_pmDE, unit: mas / yr, datatype: float64, description: Uncertainty in pmDE}
# - {name: Dist, unit: pc, datatype: float64, description: Distance}
# - {name: e_Dist, unit: pc, datatype: float64, description: Uncertainty in Dist}
# - {name: RVel, unit: km / s, datatype: float64, description: Radial Velocity}
# - {name: e_RVel, unit: km / s, datatype: float64, description: Uncertainty in RVel}
# - {name: HR1, datatype: float64, description: HR1 hardness ratio}
# - {name: NUVmag, unit: mag, datatype: float64, description: NUVMag}
# - {name: e_NUVmag, unit: mag, datatype: float64, description: Uncertainty in NUVmag}
# - {name: Gmag, unit: mag, datatype: float64, description: Gaia DR1 G-band magnitude}
# - {name: e_Gmag, unit: mag, datatype: float64, description: Uncertainty in Gmag}
# - {name: Jmag, unit: mag, datatype: float64, description: 2MASS J-band magnitude}
# - {name: e_Jmag, unit: mag, datatype: float64, description: Uncertainty in Jmag}
# - {name: IRex, datatype: float64, description: 'IR Excess in N{sigma}'}
# - {name: Known, datatype: string, description: Known Group}
# - {name: Youth, datatype: string, description: Signs of Youth (4)}
# - {name: Ref, datatype: string, description: References (5)}
# - {name: Bin, datatype: string, description: Binary flag (6)}
# - {name: dstArcSec, datatype: float64}
# - {name: Tmag, datatype: float64}
# - {name: GAIA, datatype: object}
# - {name: Teff, datatype: object}
# - {name: MatchID, datatype: int64}
# - {name: MatchRA, datatype: float64}
# - {name: MatchDEC, datatype: float64}
# - {name: ra, datatype: float64}
# - {name: dec, datatype: float64}
# schema: astropy-2.0
Set Name Assoc SpT RAh RAm RAs DE- DEd DEm DEs pmRA e_pmRA pmDE e_pmDE Dist e_Dist RVel e_RVel HR1 NUVmag e_NUVmag Gmag e_Gmag Jmag e_Jmag IRex Known Youth Ref Bin dstArcSec Tmag GAIA Teff MatchID MatchRA MatchDEC ra dec
[from data line 699]
KCM "HD 148409" USCO F6V 16 28 51.994 - 26 11 55.83 -12.78 0.91 -27.84 0.73 128.4 7.7 "" "" "" "" "" 9.323 0.003 8.45 0.02 1.9 USCO E 19;-;-;54 "" 0.476810700451 8.953 6045836896337826688 7715 175858118 247.2167 -26.19872 247.216641667 -26.1988416667
KCM "HD 148563" USCO A1V 16 29 55.968 - 26 35 26.63 -9.64 0.46 -20.53 0.61 151.4 9.6 "" "" "" "" "" 8.566 0.003 8.04 0.01 4.3 USCO E 52;-;52;52 "" 0.371225947943 8.348 6045625171630755712 8063 323114643 247.48318 -26.590629 247.4832 -26.5907305556
KCM "HD 148606" USCO G0V 16 30 13.766 - 26 33 19.86 -12.9 1.6 -25.8 1.3 132.1 4.1 "" "" 0.98 "" "" 8.904 0.001 7.93 0.02 1.5 USCO X;E 52;-;52;52 "" 0.449540307837 8.489 6045625687026827904 6550 323177939 247.557423 -26.555406 247.557358333 -26.5555166667
KCM "V2394 Oph" USCO A0/1 16 31 40.673 - 24 25 16.58 -6.7 1.6 -24.6 1.8 138.0 11.0 "" "" "" "" "" 9.492 0.016 7.53 0.01 2.5 USCO E 52;-;52;52 "" 0.251252074065 8.668 6047590789180032000 7240 318449184 247.919487 -24.421204 247.919470833 -24.4212722222
KCM "TYC 6803-994-1" USCO K4IV(e) 16 31 53.458 - 26 36 17.34 -12.5 2.8 -26.1 2.1 128.2 4.5 "" "" "" "" "" 11.128 0.004 9.6 0.02 1.4 USCO Li;Lm 52;-;52;52 "" 0.400727288684 10.481 6045568787297147776 4478 204825019 247.972763 -26.604707 247.972741667 -26.6048166667
KCM "HD 148982" USCO F8/G0 16 32 50.868 - 28 20 40.21 -9.4 1.2 -22.5 1.7 155.0 14.0 "" "" 0.85 "" "" 9.746 0.002 8.67 0.02 1.2 USCO X 19;-;-;54 "" 0.451026419428 9.288 6044085339954565248 6440 204901508 248.212012 -28.34439 248.21195 -28.3445027778
KCM "HD 149598" USCO F8/G1 16 36 52.877 - 27 8 18.98 -7.5 1.7 -21.2 1.3 158.4 6.2 "" "" "" "" "" 9.78 0.004 8.55 0.02 1.7 USCO E 52;-;52;52 "" 0.20971387764 9.257 6044636126558295680 6738 205332710 249.220357 -27.138557 249.220320833 -27.1386055556
RJCM "TYC 8104-898-1" OCT (G1) 6 38 2.156 - 45 13 48.3 -15.31 0.73 15.26 0.77 161.1 6.6 10.0 2.0 "" "" "" 10.726 0.001 9.86 0.02 1.2 "" "" -;7;-;- "" 0.27027537624 10.359 5556065592135396608 5469 156933657 99.509062 -45.230134 99.5089833333 -45.2300833333
RJCM "TYC 9341-1233-1" OCT (G9) 23 9 11.244 - 72 21 12.78 27.8 1.0 4.77 0.92 115.3 3.6 4.8 0.9 "" 19.32 0.06 11.324 0.001 10.02 0.03 0.9 "" "" -;7;-;- "" 0.336297947495 10.768 6380815723761178240 5219 273476207 347.296542 -72.353547 347.29685 -72.35355
